0.209204 
0.193168 
0.177906 
0.170838 
0.159312 
0.153492 
0.148391 
0.130809 
0.129406 
0.116929 
0.121472 
0.112469 
0.112275 
0.101494 
0.088530 
0.098762 
0.088795 
0.090439 
0.075174 
0.076979 
0.077167 
0.069385 
0.069892 
0.066285 
0.049838 
0.054719 
0.060564 
0.042473 
0.052878 
0.054607 
0.048611 
0.044168 
0.038349 
0.052861 
0.034744 
0.043248 
0.037750 
0.027751 
0.037877 
0.031392 
0.038848 
0.027584 
0.020929 
0.029460 
0.029216 
0.024192 
0.022214 
0.023063 
0.024432 
0.021454 
0.028633 
0.017228 
0.019392 
0.028161 
0.020765 
0.014508 
0.013735 
0.012900 
0.004076 
0.021256 
0.016094 
0.024937 
0.015699 
0.008554 
0.019364 
0.014849 
0.004278 
0.009385 
0.011781 
0.006967 
0.003539 
0.007417 
0.010025 
0.013018 
0.013327 
0.006502 
0.009033 
0.009908 
0.007899 
-0.000376 
0.002179 
0.000851 
0.001352 
0.000960 
0.002687 
-0.002751 
-0.005608 
-0.003512 
0.000406 
0.003966 
0.003187 
0.009179 
-0.002833 
-0.003839 
0.003837 
0.001446 
0.000820 
-0.003650 
0.006208 
-0.001688 
-0.001815 
0.005466 
-0.003196 
0.001957 
0.007245 
0.000858 
-0.005152 
0.004138 
0.000295 
0.004441 
0.002118 
0.004881 
0.007248 
-0.000373 
0.002118 
0.009926 
0.002887 
0.005748 
-0.009417 
-0.005058 
0.002544 
0.011583 
-0.008834 
0.002033 
-0.003252 
-0.000387 
-0.001697 
-0.002001 
-0.002667 
-0.000591 
0.001789 
0.003051 
-0.001784 
0.001604 
0.000828 
0.003246 
0.003192 
0.005419 
0.001390 
0.001450 
0.003848 
0.002442 
0.010100 
-0.001464 
0.004966 
-0.003863 
-0.005916 
0.000624 
0.008422 
0.003088 
-0.002467 
0.009746 
0.002496 
0.005273 
0.009384 
0.004134 
0.004088 
-0.000449 
0.010575 
0.000878 
-0.002607 
-0.003406 
-0.012181 
-0.002965 
0.001685 
-0.007923 
0.006013 
0.001922 
-0.001247 
-0.007711 
0.003972 
0.002428 
-0.006518 
0.007598 
0.003832 
-0.004766 
-0.004035 
-0.000445 
0.005541 
-0.007503 
-0.004669 
-0.005522 
-0.005109 
0.000780 
-0.000718 
-0.000913 
-0.002458 
-0.000087 
0.001314 
0.006900 
0.006442 
0.005712 
-0.000521 
-0.002105 
-0.003095 
0.000036 
0.009874 
-0.010220 
-0.000331 
-0.006140 
-0.000718 
-0.002287 
0.008892 
0.002649 
0.010593 
-0.002341 
0.004130 
-0.000141 
-0.003532 
0.004041 
0.011560 
0.004195 
-0.001106 
0.003638 
-0.009186 
0.007576 
0.001428 
-0.004298 
-0.001332 
-0.002113 
0.002184 
0.008852 
0.002487 
-0.001018 
0.000156 
-0.002826 
0.003530 
0.000521 
-0.003618 
-0.004707 
0.004424 
0.000753 
-0.000501 
0.004941 
0.004710 
-0.000837 
0.004680 
-0.002995 
0.001434 
0.007863 
0.003349 
0.003456 
0.002102 
0.002223 
0.002538 
-0.001562 
-0.001842 
0.000380 
-0.009341 
-0.002359 
0.001750 
0.001579 
-0.002164 
0.004826 
0.004031 
-0.005418 
-0.002032 
-0.007660 
0.003354 
-0.003617 
-0.004197 
-0.000714 
0.004597 
0.000407 
-0.007596 
0.001185 
0.008049 
-0.004027 
0.004923 
0.000242 
-0.001651 
-0.005122 
0.000912 
0.000744 
-0.008134 
0.005020 
0.000666 
0.001737 
0.000840 
0.002125 
0.002879 
-0.002198 
0.001965 
0.004886 
-0.000790 
-0.002386 
0.009695 
-0.006198 
-0.004897 
0.000944 
-0.001752 
0.002571 
0.011923 
0.004045 
0.000294 
0.003332 
-0.001878 
0.003401 
-0.001685 
-0.005663 
0.003732 
-0.001915 
0.001255 
0.001948 
-0.008142 
0.004479 
0.003923 
0.006650 
-0.007819 
0.002823 
0.000047 
-0.001817 
-0.005631 
-0.001401 
-0.002405 
-0.003583 
-0.006170 
-0.000166 
0.005568 
-0.000245 
-0.000066 
-0.001843 
0.003796 
-0.000640 
0.005272 
-0.005552 
-0.002008 
-0.000732 
0.003359 
-0.009776 
-0.003462 
0.000612 
-0.003940 
-0.000838 
0.004488 
0.012422 
-0.006287 
-0.006866 
-0.005311 
0.000360 
0.003840 
-0.004255 
-0.007362 
0.001240 
0.008801 
0.012106 
-0.016233 
-0.003714 
-0.003693 
0.009188 
0.008243 
-0.006173 
-0.000294 
-0.000799 
-0.001123 
-0.005249 
-0.000953 
-0.000209 
0.012050 
0.003643 
0.005230 
0.002632 
0.005160 
-0.003933 
0.007089 
-0.000550 
0.006840 
-0.003041 
0.007260 
0.007410 
0.003098 
-0.001368 
0.001824 
0.009271 
-0.008802 
-0.008938 
-0.000343 
0.001413 
-0.002729 
0.003900 
0.003747 
0.002054 
-0.001865 
-0.002693 
0.002373 
0.002843 
-0.010136 
0.003720 
0.000169 
0.002028 
0.000490 
-0.002690 
0.006350 
-0.003389 
0.003001 
-0.000548 
0.000715 
0.003405 
0.008236 
-0.002068 
-0.003039 
0.000672 
0.002952 
-0.001161 
0.000458 
0.001923 
-0.000153 
-0.005901 
0.003535 
-0.005531 
-0.007002 
-0.000755 
-0.003768 
0.003369 
-0.001988 
0.001990 
0.000229 
0.000059 
0.006272 
-0.002808 
0.005682 
-0.006999 
0.007214 
-0.002261 
0.000378 
0.002934 
0.002326 
-0.007730 
-0.003158 
-0.000915 
0.000113 
0.001903 
-0.002899 
-0.006140 
0.000112 
0.005030 
0.005732 
0.004239 
0.006116 
0.001022 
0.000853 
-0.006517 
0.000670 
-0.004708 
0.003622 
0.005078 
0.000004 
-0.002537 
-0.008613 
-0.000316 
0.005623 
-0.002894 
-0.004215 
0.000867 
-0.005426 
0.011398 
0.005153 
0.002896 
0.005748 
0.002099 
-0.004533 
-0.007837 
0.010113 
-0.008437 
0.001537 
0.002509 
0.004876 
0.002530 
0.003036 
0.000769 
0.003737 
-0.002668 
0.001627 
0.004700 
0.009604 
-0.002288 
0.000422 
0.009441 
-0.008592 
-0.003863 
0.004626 
0.001611 
-0.001029 
0.002990 
0.002043 
0.007998 
0.009077 
0.001762 
-0.000630 
-0.000398 
0.007809 
0.003010 
-0.000520 
-0.000879 
-0.002781 
-0.007400 
-0.001135 
0.005079 
-0.006474 
-0.000741 
-0.002168 
-0.003180 
0.009755 
-0.003727 
0.005185 
0.002528 
-0.000968 
-0.008814 
0.009037 
0.006918 
-0.004040 
0.005757 
0.006822 
0.004872 
0.004838 
-0.006845 
0.001407 
-0.005904 
-0.006363 
0.001175 
0.001507 
-0.004135 
-0.003636 
-0.004076 
0.001005 
0.008183 
-0.004128 
0.003553 
-0.002722 
0.004672 
0.000478 
-0.000642 
-0.002267 
-0.002991 
0.001535 
0.004483 
-0.014444 
-0.001160 
-0.000104 
0.001176 
-0.011413 
0.000836 
-0.008072 
-0.007139 
-0.005722 
-0.001093 
-0.003849 
0.004864 
-0.006540 
0.000373 
-0.001959 
0.004593 
0.002526 
0.001583 
0.002205 
0.006027 
0.005535 
-0.000637 
0.004536 
-0.003833 
0.000787 
0.003259 
-0.006939 
-0.000155 
-0.002325 
0.002789 
-0.001305 
0.006291 
-0.003228 
0.001152 
-0.004886 
0.002651 
0.007803 
0.002229 
-0.003624 
-0.005106 
0.006020 
-0.001596 
-0.003193 
0.012355 
-0.001411 
0.008178 
-0.006986 
0.001932 
-0.003404 
0.002046 
0.002987 
-0.003922 
-0.001211 
0.000610 
-0.001801 
-0.007082 
0.005530 
-0.010909 
-0.003075 
-0.001867 
-0.004339 
0.001965 
-0.004568 
0.001938 
-0.003457 
0.008638 
0.003114 
0.003449 
-0.009186 
-0.002494 
0.004925 
0.006381 
-0.000253 
-0.004570 
0.003692 
-0.016202 
-0.006581 
-0.004155 
-0.004945 
0.005114 
-0.012428 
-0.000162 
0.000180 
-0.005275 
0.003854 
-0.004452 
0.006008 
-0.003721 
0.000699 
-0.002092 
-0.003507 
0.002794 
-0.002337 
-0.005514 
0.001784 
0.006579 
-0.002364 
0.001767 
0.001788 
0.003248 
0.004467 
-0.005163 
0.004451 
0.006468 
0.000032 
0.000119 
-0.000839 
0.006608 
-0.006984 
-0.001722 
-0.006778 
-0.012567 
0.002765 
0.013645 
-0.000928 
-0.006452 
-0.007363 
0.002713 
-0.000101 
-0.002988 
-0.003222 
-0.004618 
-0.001671 
0.001964 
-0.004361 
0.001371 
0.007207 
-0.007625 
-0.006511 
0.001325 
-0.002577 
-0.002754 
-0.008346 
0.005318 
0.001681 
0.001385 
-0.002309 
0.000102 
0.005186 
0.004002 
-0.002607 
-0.000938 
0.003104 
-0.007441 
-0.001583 
0.003458 
0.008746 
0.001866 
-0.001015 
0.000555 
0.003058 
-0.001935 
-0.003068 
-0.001940 
-0.007490 
-0.001232 
0.000160 
-0.001074 
0.007068 
0.010696 
-0.003511 
0.011338 
0.005448 
-0.004519 
-0.002578 
0.005189 
0.002267 
0.002225 
-0.000523 
0.005094 
0.006258 
0.000459 
-0.004099 
0.001896 
0.007948 
-0.001607 
-0.004986 
0.011919 
-0.000907 
-0.007530 
0.003032 
-0.008395 
-0.002259 
-0.003755 
0.003146 
-0.000180 
0.002539 
-0.006768 
-0.001294 
-0.000552 
0.007820 
0.007911 
-0.001966 
0.002996 
-0.004062 
-0.007269 
-0.000789 
0.000745 
0.000897 
0.000644 
-0.001644 
-0.002221 
0.003307 
-0.003253 
0.005625 
0.000482 
-0.003141 
0.000669 
0.012040 
-0.006297 
0.003056 
-0.000551 
0.000355 
0.004302 
0.004516 
-0.009102 
0.003956 
-0.002620 
-0.000900 
0.011412 
0.002707 
0.000319 
-0.006032 
-0.001092 
-0.007190 
-0.004874 
-0.005143 
0.005975 
-0.001675 
-0.007683 
-0.011359 
-0.003085 
-0.005689 
0.001504 
0.001474 
-0.001080 
-0.007753 
0.002998 
-0.001141 
-0.001023 
0.001930 
-0.003086 
0.004651 
0.002762 
-0.002461 
0.002050 
0.012207 
-0.007425 
0.002980 
0.000600 
-0.001197 
0.002596 
0.001478 
-0.000980 
0.001124 
-0.003092 
0.002976 
0.010387 
-0.004387 
-0.006519 
0.000096 
-0.000526 
-0.004690 
-0.010367 
0.000572 
-0.006100 
-0.002028 
-0.000637 
0.003624 
0.005477 
0.000256 
-0.002626 
-0.001717 
-0.005203 
0.003666 
-0.006096 
0.003571 
0.004444 
0.005167 
-0.006825 
0.004238 
-0.001506 
0.005338 
0.000634 
0.001266 
0.006845 
0.013182 
-0.006994 
-0.002844 
0.006645 
0.005604 
-0.001984 
0.005994 
0.001470 
0.002628 
-0.009391 
-0.006444 
-0.004103 
-0.003585 
0.000360 
-0.005482 
-0.002334 
0.002079 
0.011626 
0.003258 
0.014280 
-0.003862 
-0.002521 
-0.000899 
0.009459 
-0.009404 
-0.001609 
-0.002919 
0.005422 
-0.003130 
-0.009820 
-0.008550 
-0.005614 
-0.002842 
-0.004586 
0.002446 
0.008266 
0.001230 
0.010968 
0.002455 
0.008279 
0.007373 
-0.001781 
0.003803 
0.006999 
-0.006006 
0.004105 
-0.005505 
0.001073 
0.003266 
-0.002395 
-0.006596 
0.010444 
-0.002165 
-0.002686 
-0.001544 
-0.001338 
-0.003962 
-0.007628 
0.010943 
0.005335 
-0.002244 
0.001596 
-0.004472 
0.003454 
0.000398 
0.005163 
0.000416 
-0.005687 
-0.002060 
0.007271 
0.004173 
-0.000374 
-0.000845 
0.000314 
0.001294 
-0.001510 
-0.004823 
0.002279 
-0.001789 
0.001319 
0.001619 
0.002908 
-0.002331 
-0.008453 
0.000507 
0.002869 
0.001412 
0.001487 
-0.006975 
-0.001576 
-0.000257 
0.002447 
-0.004779 
0.004475 
-0.006162 
0.013098 
0.001810 
-0.002869 
-0.003657 
-0.012269 
-0.003134 
-0.003661 
-0.004789 
-0.003488 
-0.003808 
0.010973 
0.004588 
-0.000990 
0.003686 
-0.003507 
0.005959 
-0.003035 
0.002391 
0.000774 
0.003955 
-0.004731 
0.004297 
-0.006318 
-0.001308 
0.003955 
-0.015676 
-0.002585 
0.008800 
-0.001771 
0.003533 
0.004394 
-0.005459 
0.001239 
-0.001948 
-0.009851 
-0.008624 
-0.002102 
0.010560 
0.001638 
0.005334 
0.006783 
0.000968 
0.002297 
-0.002719 
0.001471 
-0.002937 
-0.000563 
0.004777 
0.002599 
-0.005675 
-0.005718 
0.002896 
-0.003939 
0.006060 
-0.002970 
0.004759 
-0.000239 
-0.005944 
0.008679 
0.003487 
-0.004471 
-0.006686 
0.011638 
-0.007161 
0.004046 
0.003954 
0.003957 
-0.004926 
0.003165 
0.003101 
-0.001220 
-0.004579 
-0.006482 
0.010572 
-0.000979 
-0.003047 
-0.002924 
-0.007048 
0.003694 
0.000718 
-0.002439 
