0.980480 
0.961333 
0.944312 
0.925963 
0.907882 
0.891918 
0.875780 
0.862000 
0.846094 
0.834080 
0.819300 
0.804614 
0.793486 
0.782100 
0.772814 
0.759300 
0.750202 
0.740275 
0.731306 
0.722894 
0.715116 
0.706204 
0.699463 
0.691416 
0.686539 
0.681055 
0.676306 
0.669473 
0.665631 
0.664004 
0.660449 
0.657663 
0.655349 
0.652400 
0.651002 
0.648906 
0.648631 
0.649292 
0.650035 
0.651198 
0.652398 
0.654525 
0.655947 
0.658933 
0.661322 
0.666008 
0.671080 
0.675522 
0.682000 
0.686253 
0.692855 
0.698639 
0.700949 
0.704786 
0.707957 
0.708222 
0.709876 
0.712273 
0.711951 
0.710137 
0.710537 
0.707925 
0.709804 
0.708376 
0.705520 
0.704333 
0.702429 
0.700355 
0.699402 
0.697490 
0.696355 
0.693263 
0.690525 
0.687433 
0.685351 
0.684300 
0.684255 
0.680916 
0.679933 
0.677682 
0.677276 
0.675598 
0.673649 
0.672602 
0.670753 
0.671227 
0.671435 
0.669720 
0.671367 
0.670655 
0.670222 
0.672261 
0.672578 
0.673380 
0.675422 
0.678635 
0.679031 
0.680731 
0.682747 
0.685798 
0.688518 
0.691486 
0.694402 
0.694990 
0.697210 
0.698594 
0.699747 
0.700369 
0.699512 
0.700425 
0.699259 
0.700241 
0.699098 
0.699269 
0.697527 
0.696141 
0.696514 
0.695929 
0.693010 
0.693473 
0.691727 
0.691316 
0.690145 
0.688955 
0.686655 
0.685629 
0.684139 
0.683718 
0.682720 
0.681741 
0.680612 
0.680535 
0.679106 
0.678651 
0.677473 
0.677265 
0.678488 
0.676937 
0.676275 
0.676684 
0.677990 
0.676525 
0.678010 
0.677051 
0.679276 
0.680898 
0.682327 
0.683190 
0.684712 
0.686824 
0.688682 
0.690341 
0.691488 
0.692898 
0.693669 
0.694576 
0.696253 
0.695388 
0.695608 
0.695308 
0.695886 
0.696163 
0.696200 
0.693035 
0.693696 
0.693208 
0.695014 
0.692341 
0.691867 
0.691798 
0.691649 
0.690425 
0.689567 
0.688018 
0.686553 
0.686196 
0.685327 
0.684290 
0.683690 
0.682786 
0.682820 
0.682325 
0.681935 
0.679853 
0.680710 
0.680106 
0.679118 
0.679906 
0.679945 
0.679867 
0.679076 
0.680224 
0.679351 
0.680682 
0.681855 
0.682743 
0.682598 
0.684351 
0.684718 
0.687592 
0.689943 
0.689882 
0.690986 
0.691531 
0.692841 
0.692831 
0.693182 
0.694345 
0.693390 
0.693141 
0.693173 
0.694796 
0.694006 
0.693625 
0.692669 
0.692957 
0.692943 
0.692594 
0.690451 
0.690673 
0.688678 
0.690212 
0.688871 
0.687400 
0.688075 
0.686186 
0.686365 
0.683763 
0.684733 
0.683837 
0.684525 
0.683592 
0.682245 
0.681384 
0.681394 
0.681514 
0.682333 
0.680010 
0.680767 
0.679635 
0.681896 
0.683204 
0.680092 
0.682769 
0.682892 
0.683596 
0.683286 
0.684771 
0.685853 
0.687871 
0.688645 
0.688682 
0.689612 
0.691724 
0.689390 
0.692043 
0.691686 
0.690945 
0.693414 
0.692127 
0.693259 
0.692875 
0.692237 
0.692124 
0.693084 
0.691341 
0.690690 
0.692139 
0.689082 
0.690341 
0.689478 
0.690073 
0.687980 
0.688871 
0.687414 
0.687731 
0.686553 
0.685753 
0.686414 
0.684257 
0.682667 
0.684520 
0.680953 
0.681188 
0.682510 
0.681865 
0.682069 
0.683129 
0.681686 
0.681602 
0.682759 
0.681994 
0.682527 
0.682359 
0.683645 
0.682861 
0.684731 
0.685492 
0.685865 
0.687594 
0.687273 
0.688282 
0.689129 
0.691741 
0.690392 
0.691149 
0.688916 
0.691169 
0.693439 
0.691167 
0.691390 
0.690129 
0.692259 
0.691531 
0.691425 
0.689902 
0.692055 
0.690173 
0.689041 
0.689192 
0.689151 
0.688835 
0.688022 
0.687590 
0.687755 
0.686592 
0.687684 
0.686143 
0.683986 
0.683804 
0.684880 
0.684353 
0.682825 
0.684208 
0.682802 
0.682802 
0.683010 
0.683294 
0.681541 
0.683416 
0.682147 
0.682416 
0.683359 
0.683310 
0.684375 
0.684280 
0.683876 
0.685896 
0.684688 
0.686867 
0.686988 
0.688461 
0.689455 
0.689594 
0.689451 
0.690373 
0.692063 
0.691733 
0.691437 
0.691829 
0.690059 
0.691975 
0.690094 
0.690747 
0.690053 
0.691445 
0.689631 
0.690635 
0.688745 
0.688318 
0.689802 
0.689012 
0.688522 
0.687275 
0.687563 
0.685512 
0.687239 
0.686557 
0.686725 
0.686586 
0.685559 
0.684173 
0.683380 
0.685224 
0.683304 
0.682963 
0.681725 
0.683382 
0.682349 
0.682737 
0.684043 
0.682541 
0.683443 
0.682661 
0.684090 
0.684159 
0.685375 
0.685645 
0.686316 
0.687545 
0.689537 
0.689769 
0.688859 
0.689049 
0.690353 
0.690594 
0.688816 
0.689847 
0.690790 
0.689806 
0.689278 
0.690596 
0.689804 
0.689453 
0.690416 
0.689573 
0.689757 
0.689280 
0.688943 
0.688547 
0.687875 
0.688951 
0.688798 
0.687045 
0.687375 
0.686161 
0.687475 
0.686412 
0.685708 
0.686210 
0.684104 
0.686059 
0.684831 
0.685084 
0.684773 
0.683961 
0.684616 
0.684788 
0.683857 
0.683686 
0.683347 
0.683747 
0.683971 
0.683557 
0.684067 
0.686624 
0.684486 
0.684682 
0.685461 
0.685480 
0.687263 
0.686924 
0.689216 
0.690598 
0.689388 
0.688608 
0.688224 
0.688608 
0.689976 
0.691227 
0.690439 
0.690590 
0.690573 
0.689414 
0.688898 
0.689686 
0.688896 
0.688671 
0.687573 
0.688708 
0.688490 
0.687220 
0.688778 
0.686745 
0.687261 
0.686780 
0.685708 
0.684586 
0.686220 
0.685065 
0.685649 
0.684037 
0.684404 
0.683012 
0.683602 
0.682924 
0.683963 
0.683890 
0.683576 
0.685027 
0.683614 
0.682945 
0.684482 
0.684049 
0.687318 
0.684361 
0.683541 
0.686916 
0.686900 
0.686092 
0.687555 
0.688233 
0.688022 
0.688029 
0.688629 
0.690198 
0.687449 
0.690112 
0.689414 
0.688939 
0.690129 
0.689141 
0.689624 
0.690571 
0.689288 
0.688841 
0.689335 
0.687590 
0.687961 
0.688904 
0.686896 
0.686749 
0.688029 
0.686496 
0.685335 
0.686398 
0.685594 
0.687306 
0.685743 
0.685471 
0.685508 
0.683825 
0.684651 
0.686565 
0.684988 
0.684343 
0.684312 
0.684902 
0.686063 
0.684080 
0.684229 
0.683939 
0.683724 
0.683882 
0.684006 
0.686269 
0.687080 
0.687159 
0.687259 
0.687733 
0.686818 
0.688090 
0.687557 
0.687949 
0.688710 
0.689292 
0.690353 
0.690429 
0.690451 
0.689082 
0.689300 
0.689606 
0.688667 
0.689449 
0.688296 
0.686782 
0.688882 
0.687782 
0.690108 
0.686598 
0.688302 
0.687798 
0.686688 
0.687641 
0.687369 
0.687235 
0.686329 
0.686739 
0.685808 
0.687437 
0.685014 
0.685220 
0.685157 
0.683822 
0.684935 
0.684596 
0.685382 
0.683996 
0.683731 
0.684992 
0.685465 
0.684069 
0.685180 
0.684753 
0.685298 
0.684912 
0.686333 
0.685471 
0.685386 
0.686506 
0.686112 
0.687929 
0.686329 
0.688386 
0.688878 
0.689986 
0.689906 
0.689114 
0.689361 
0.689288 
0.690933 
0.688861 
0.690167 
0.690700 
0.688604 
0.686575 
0.689729 
0.688237 
0.688600 
0.686427 
0.686516 
0.688578 
0.688008 
0.686088 
0.685908 
0.686437 
0.687784 
0.686212 
0.685369 
0.684449 
0.687255 
0.684904 
0.684555 
0.686047 
0.684475 
0.684131 
0.685137 
0.685706 
0.684827 
0.684765 
0.684053 
0.685798 
0.684725 
0.685024 
0.684892 
0.685276 
0.685590 
0.685075 
0.686108 
0.686049 
0.687849 
0.687596 
0.687890 
0.689222 
0.687508 
0.688818 
0.690704 
0.690163 
0.688116 
0.688361 
0.688757 
0.688441 
0.688745 
0.689771 
0.689167 
0.689502 
0.688229 
0.687635 
0.690386 
0.687878 
0.687633 
0.687510 
0.686735 
0.687816 
0.687141 
0.685204 
0.685957 
0.685984 
0.685927 
0.685849 
0.684859 
0.686400 
0.685478 
0.684745 
0.684931 
0.683851 
0.684512 
0.685561 
0.684982 
0.685831 
0.684582 
0.685520 
0.685339 
0.685073 
0.684537 
0.686067 
0.686067 
0.685331 
0.685839 
0.686922 
0.687116 
0.688555 
0.688992 
0.688135 
0.688753 
0.688963 
0.688757 
0.689251 
0.689073 
0.688527 
0.689269 
0.688231 
0.687898 
0.688298 
0.689537 
0.688045 
0.688416 
0.687586 
0.687420 
0.688971 
0.688259 
0.687733 
0.688867 
0.685949 
0.688686 
0.685822 
0.686294 
0.685639 
0.688808 
0.685178 
0.686404 
0.685194 
0.684382 
0.683437 
0.684961 
0.686180 
0.686886 
0.684749 
0.685502 
0.683447 
0.685680 
0.685084 
0.685484 
0.683884 
0.685916 
0.685600 
0.685506 
0.685935 
0.687718 
0.686871 
0.686616 
0.688831 
0.686520 
0.689424 
0.688433 
0.687612 
0.688208 
0.688012 
0.689118 
0.687851 
0.688810 
0.689424 
0.689084 
0.688394 
0.688147 
0.687912 
0.687469 
0.687700 
0.687975 
0.688184 
0.688186 
0.687235 
0.686535 
0.687720 
0.687053 
0.686820 
0.686627 
0.687286 
0.685449 
0.685851 
0.685402 
0.687122 
0.685337 
0.684690 
0.685643 
0.684086 
0.685455 
0.685765 
0.685945 
0.685314 
0.685241 
0.683990 
0.686610 
0.684892 
0.686414 
0.686000 
0.686375 
0.686575 
0.687208 
0.687275 
0.687782 
0.688102 
0.687018 
0.688161 
0.689573 
0.688353 
0.690110 
0.687559 
0.689292 
0.688953 
0.688359 
0.687327 
0.689127 
0.687794 
0.688645 
0.687471 
0.689882 
0.686639 
0.688418 
0.688318 
0.687057 
0.686608 
0.687090 
0.687031 
0.686439 
0.686390 
0.687204 
0.686816 
0.685606 
0.686131 
0.687245 
0.685163 
0.685327 
0.686510 
0.685308 
0.684920 
0.685165 
0.685590 
0.684582 
0.685782 
0.684592 
0.684608 
0.684471 
0.685255 
0.686484 
0.686075 
0.685094 
0.686586 
0.687018 
0.686904 
0.688408 
0.687414 
0.687241 
0.688020 
0.687437 
0.687600 
0.686861 
0.689167 
0.688706 
0.689749 
0.689359 
0.688661 
0.687639 
0.688806 
0.689622 
0.687992 
0.688565 
0.687286 
0.687931 
0.687963 
0.687949 
0.686359 
0.686916 
0.686747 
0.687196 
0.687061 
0.686182 
0.687631 
0.686567 
0.687698 
0.686416 
0.685349 
0.685402 
0.684671 
0.683369 
0.685082 
0.683733 
0.683996 
0.684810 
0.686233 
0.684422 
0.685192 
0.685439 
0.686955 
0.684939 
0.685388 
0.685712 
0.687112 
0.687245 
0.687143 
0.687969 
0.689459 
0.686012 
0.688186 
0.688378 
0.687737 
0.688441 
0.688157 
0.688120 
0.687716 
0.688404 
0.688782 
0.687100 
0.688382 
0.688065 
0.688039 
0.688990 
0.688198 
0.686565 
0.687263 
0.687225 
0.689259 
0.686153 
0.687808 
0.688933 
0.686820 
0.685510 
0.685412 
0.687914 
0.685543 
0.685624 
0.685467 
0.685920 
0.685333 
0.685510 
0.684753 
0.685916 
0.685467 
0.686131 
0.686973 
0.686427 
0.686553 
0.685402 
0.686010 
0.686751 
0.686371 
0.686682 
0.687722 
0.685765 
0.687416 
0.688216 
0.688378 
0.688076 
0.688910 
0.689043 
0.687422 
0.687775 
0.688404 
0.688829 
0.687745 
0.689116 
0.688676 
0.687973 
0.687914 
0.689067 
0.687655 
0.688210 
0.689104 
0.686959 
0.687100 
0.687845 
0.687688 
0.687137 
0.687384 
0.685525 
0.684537 
0.687151 
0.686539 
0.686231 
0.685394 
0.687475 
0.685835 
0.685567 
0.685849 
0.685231 
0.685963 
0.683506 
0.685402 
0.684610 
0.685059 
0.686253 
0.685384 
0.685316 
0.685245 
0.684710 
0.687945 
0.687002 
0.686647 
0.688745 
0.687065 
